0.000000 0.000000
0.005805 452.078430
0.011610 445.461853
0.017415 453.598724
0.023220 455.638977
0.029025 383.226288
0.034830 382.864441
0.040635 382.853119
0.046440 383.376740
0.052245 386.093414
0.058050 389.144531
0.063855 390.193817
0.069660 391.270355
0.075465 390.945801
0.081270 390.940552
0.087075 391.914642
0.092880 393.044556
0.098685 393.702789
0.104490 394.110565
0.110295 394.173004
0.116100 394.314026
0.121905 394.583221
0.127710 394.179077
0.133515 387.432831
0.139320 374.081848
0.145125 372.289673
0.150930 739.792725
0.156735 769.792114
0.162540 780.584229
0.168345 784.972778
0.174150 785.632446
0.179955 786.810547
0.185760 788.402039
0.191565 786.443909
0.197370 784.236572
0.203175 783.438904
0.208980 783.506470
0.214785 783.853394
0.220590 784.285889
0.226395 784.699036
0.232200 784.548645
0.238005 785.161621
0.243810 787.307373
0.249615 789.962524
0.255420 388.382599
0.261224 197.428207
0.267029 197.374680
0.272834 197.223862
0.278639 197.026993
0.284444 196.798279
0.290249 196.568680
0.296054 391.353699
0.301859 391.157410
0.307664 391.643890
0.313469 392.421661
0.319274 392.801056
0.325079 392.404510
0.330884 391.618378
0.336689 391.376465
0.342494 391.653107
0.348299 392.058472
0.354104 392.780121
0.359909 393.887146
0.365714 394.162476
0.371519 390.226868
0.377324 385.265778
0.383129 375.643463
0.388934 381.044617
0.394739 384.065369
0.400544 385.985687
0.406349 387.431244
0.412154 388.716522
0.417959 389.927490
0.423764 391.198975
0.429569 392.364563
0.435374 393.170685
0.441179 393.705414
0.446984 393.937347
0.452789 393.923523
0.458594 393.480194
0.464399 392.638916
0.470204 384.821167
0.476009 382.057404
0.481814 190.756927
0.487619 190.846680
0.493424 191.158051
0.499229 192.494217
0.505034 193.361603
0.510839 193.726227
0.516644 194.545319
0.522449 195.477844
0.528254 196.269852
0.534059 196.872849
0.539864 197.139114
0.545669 197.121292
0.551474 196.984711
0.557279 196.836975
0.563084 196.727570
0.568889 196.677719
0.574694 196.648560
0.580499 196.660706
0.586304 196.746750
0.592109 196.908539
0.597914 197.023560
0.603719 197.030869
0.609524 197.032928
0.615329 197.194458
0.621134 197.308609
0.626939 197.051682
0.632744 196.384995
0.638549 196.185501
0.644354 196.406235
0.650159 196.629501
0.655964 196.609238
0.661769 196.476456
0.667574 196.457718
0.673379 196.653030
0.679184 196.915543
0.684989 197.126877
0.690794 197.229919
0.696599 197.230576
0.702404 197.055603
0.708209 196.118530
0.714014 386.991180
0.719819 388.578186
0.725624 189.987350
0.731429 189.978348
0.737234 190.063797
0.743039 190.197266
0.748844 190.153030
0.754649 196.606888
0.760454 196.471939
0.766259 196.363174
0.772063 196.321335
0.777868 196.426559
0.783673 196.674957
0.789478 196.889404
0.795283 196.943756
0.801088 196.833374
0.806893 196.670197
0.812698 196.682114
0.818503 196.828629
0.824308 196.863541
0.830113 196.870728
0.835918 196.728836
0.841723 560.428345
0.847528 548.270203
0.853333 525.364441
0.859138 515.187927
0.864943 509.867859
0.870748 506.111145
0.876553 504.195496
0.882358 504.700623
0.888163 506.381653
0.893968 508.231262
0.899773 510.169861
0.905578 98.300911
0.911383 98.977890
0.917188 508.075073
0.922993 508.143829
0.928798 99.248428
0.934603 98.896774
0.940408 98.644516
0.946213 98.676613
0.952018 98.690308
0.957823 98.651550
0.963628 98.556953
0.969433 96.713791
0.975238 96.699242
0.981043 97.814018
0.986848 97.930328
0.992653 98.050728
